  60  61  60  62  58  60  64  62  60  60  59  61  63  67  67  71
  60  63  63  62  58  59  62  63  64  60  57  61  64  67  67  70
  63  64  65  63  60  60  60  62  66  57  58  60  63  67  65  68
  68  60  63  58  55  59  60  61  61  55  55  60  64  69  65  65
  67  57  61  55  57  56  59  62  60  54  55  61  65  70  67  67
  61  59  59  55  57  55  58  61  62  57  58  62  65  71  69  68
  60  60  59  56  59  55  59  62  60  56  58  60  66  70  69  66
  65  64  60  61  61  58  61  62  60  56  57  59  66  68  66  64
  68  59  59  65  62  62  61  61  59  58  55  60  65  67  65  65
  60  56  58  62  63  61  57  60  55  56  56  58  65  68  67  65
  53  52  55  57  61  60  57  64  52  53  57  58  65  68  68  66
  52  52  57  57  55  54  58  63  57  54  58  60  67  66  66  67
  54  55  57  56  57  54  61  57  60  55  55  60  67  64  65  67
  57  54  57  56  53  58  60  55  60  53  57  62  67  65  64  65
  55  54  60  54  53  56  58  56  60  58  58  62  65  64  62  65
  58  56  58  53  54  55  58  58  60  55  58  59  65  63  64  64
  59  60  57  60  59  58  58  60  59  61  60  64  66  70  73  71
  59  59  58  59  58  57  59  59  60  62  61  64  67  70  71  70
  59  62  59  56  59  58  60  58  60  59  61  62  67  70  68  71
  58  60  61  55  56  54  58  59  61  57  58  61  67  72  67  69
  57  59  62  58  59  54  56  59  57  54  59  60  67  73  67  70
  55  61  62  58  60  54  55  58  55  57  59  61  66  69  69  70
  56  60  61  58  61  54  57  59  58  58  58  60  69  69  69  70
  58  59  61  61  63  55  61  61  60  60  58  59  70  70  68  68
  58  55  61  62  62  58  61  59  60  59  56  62  68  70  66  67
  56  57  60  61  62  56  59  55  56  57  58  61  66  69  67  67
  57  56  59  60  60  56  57  54  54  55  59  61  66  69  69  67
  57  55  60  59  58  56  55  56  57  56  60  63  69  68  67  70
  56  54  58  57  60  56  57  58  61  57  58  62  70  67  66  68
  57  55  57  56  56  56  57  57  60  56  60  63  70  68  66  65
  55  55  57  55  56  56  58  56  57  59  62  63  69  67  65  67
  55  57  57  54  57  56  60  56  57  58  61  64  71  67  67  67
  56  57  54  54  55  57  55  55  53  56  56  57  59  67  63  61
  54  55  54  52  52  55  51  55  52  53  56  57  60  66  64  63
  54  52  53  51  51  53  51  55  53  53  56  57  61  65  63  67
  53  50  52  51  53  51  52  55  55  53  54  59  61  65  64  65
  53  52  51  55  57  52  53  54  54  52  54  59  58  64  62  65
  51  52  51  52  57  53  53  51  51  53  55  60  60  64  63  63
  53  50  51  52  57  51  53  52  50  54  56  59  63  63  64  62
  54  51  51  55  54  52  53  53  50  54  56  58  64  62  63  61
  52  49  50  55  50  53  52  53  51  54  53  60  63  63  62  62
  50  50  48  52  52  50  50  49  53  53  56  60  64  64  63  63
  52  49  46  51  51  50  52  48  53  52  57  60  64  65  64  63
  52  50  47  52  52  50  51  49  54  54  57  60  64  65  63  63
  53  51  49  53  55  50  53  50  54  55  53  57  65  63  65  64
  54  51  51  52  52  50  52  51  55  55  55  59  65  64  66  65
  51  50  52  52  52  52  51  52  54  57  56  59  66  64  64  68
  50  49  52  52  51  53  52  52  53  55  57  60  66  64  66  67

  71  70  68  65  67  68  66  64  65  65  66  67  67  65  65  64
  67  67  65  65  67  69  69  66  65  67  68  66  65  64  62  64
  67  67  67  69  70  71  70  68  67  68  68  66  64  65  64  63
  63  64  63  64  65  65  66  66  65  65  65  67  67  67  65  65
  61  61  60  60  61  62  60  59  60  58  58  60  60  62  62  59
  59  57  58  55  55  58  58  57  55  56  57  58  55  57  58  58
  60  60  57  55  54  57  56  56  58  56  53  54  55  53  58  55
  60  64  66  61  60  62  60  60  59  55  52  57  60  60  60  60
  62  63  62  61  62  61  62  62  61  60  64  63  57  55  56  58
  64  62  60  60  59  58  59  61  61  57  57  58  61  60  58  58
  60  59  60  59  56  55  55  58  62  61  60  54  54  58  56  55
  58  58  60  55  57  57  59  61  62  63  61  55  57  53  53  54
  62  62  63  58  55  55  56  61  65  62  57  57  56  56  54  53
  60  63  65  63  61  59  59  60  59  58  55  57  57  57  60  58
  61  63  64  60  57  59  60  64  59  56  52  52  55  54  54  56
  60  60  63  68  67  61  60  65  68  60  53  52  54  57  55  58
  71  70  71  69  70  70  70  68  67  67  67  70  68  65  67  67
  73  71  68  67  67  69  69  68  66  67  69  67  66  66  65  67
  70  70  70  72  73  69  69  70  70  69  69  68  67  68  67  67
  66  67  67  67  67  66  69  70  68  66  66  69  70  70  69  71
  64  64  62  61  60  61  60  59  62  61  61  63  62  63  63  64
  60  61  61  58  59  59  58  58  56  58  59  60  58  60  62  61
  61  62  59  57  54  57  58  60  59  57  55  56  57  56  59  58
  59  60  60  61  57  55  58  60  60  56  54  57  61  60  57  57
  60  59  58  59  59  58  59  61  59  55  54  56  58  57  56  56
  58  59  60  58  56  55  57  61  61  59  57  55  57  57  58  60
  58  57  58  54  54  54  54  55  58  56  56  56  56  56  56  56
  59  58  59  56  59  60  61  63  62  62  60  58  60  56  56  57
  60  59  56  55  58  58  58  61  62  61  60  59  57  56  55  54
  57  58  59  61  62  62  61  61  61  60  59  60  58  57  57  57
  60  59  62  60  59  61  60  59  55  57  56  55  54  55  55  57
  59  59  59  58  57  55  56  58  58  56  57  57  56  57  55  55
  61  63  67  65  65  63  62  61  62  63  63  63  64  65  68  67
  63  64  63  64  62  63  64  63  62  63  64  63  65  66  64  66
  67  66  65  65  64  64  63  62  63  64  65  65  63  64  64  64
  59  60  61  61  58  60  63  64  63  64  64  64  65  65  66  66
  57  57  57  59  59  60  59  58  60  60  60  60  57  59  59  60
  56  56  56  54  54  55  56  56  53  56  57  57  53  55  56  57
  56  53  53  53  52  53  54  54  54  53  52  54  55  55  57  55
  53  52  53  55  54  51  50  50  51  53  53  54  54  55  54  53
  55  55  55  55  54  51  52  53  53  49  48  49  50  51  52  52
  55  51  51  52  53  53  53  53  52  50  52  51  53  52  51  52
  57  55  53  51  52  53  51  52  53  50  50  50  50  50  52  53
  55  52  51  53  57  57  57  54  50  52  51  52  55  52  52  51
  54  52  51  51  55  52  52  55  55  52  51  52  53  52  52  52
  54  54  53  52  51  51  51  51  50  48  46  47  49  51  52  52
  57  55  52  50  52  52  50  51  49  50  49  50  51  51  50  49
  56  54  54  53  53  51  53  54  52  50  52  52  53  54  51  50

  64  64  63  65  59  58  55  60  58  58  55  54  53  58  56  58
  65  62  64  65  62  58  58  60  56  58  56  53  54  60  54  55
  65  64  65  67  62  57  53  60  55  60  58  53  56  57  54  57
  67  65  64  67  60  55  55  60  57  61  54  57  56  57  55  54
  67  66  66  67  60  58  54  57  63  58  54  55  57  57  52  52
  66  68  68  65  58  57  53  52  64  57  60  61  57  55  52  53
  65  67  68  65  58  56  56  55  60  57  61  63  62  58  56  60
  65  65  67  65  60  55  58  59  61  61  62  62  65  59  59  68
  64  66  68  66  59  57  56  60  62  61  58  61  61  60  64  65
  66  69  70  66  60  58  56  60  62  59  55  59  56  59  60  60
  68  69  71  65  62  58  57  62  61  58  55  57  55  59  59  61
  67  67  70  65  61  55  54  60  62  59  56  57  55  61  57  67
  65  65  69  64  60  55  55  61  61  60  59  55  58  63  60  68
  68  65  67  63  60  58  57  66  62  60  60  60  63  65  64  63
  70  67  67  64  61  57  60  64  63  62  59  58  62  63  63  60
  71  67  67  63  61  59  60  60  62  64  60  58  62  60  61  60
  67  67  67  71  64  61  58  57  56  60  56  57  54  57  57  55
  67  65  67  69  63  62  59  57  56  58  56  56  55  57  55  55
  65  66  68  70  63  60  56  60  57  57  56  56  56  57  55  57
  68  66  67  70  62  58  57  61  58  57  56  60  57  58  54  56
  70  67  68  69  63  60  56  57  56  55  56  58  59  60  55  57
  67  69  69  66  61  59  55  54  54  57  56  60  60  59  56  57
  67  67  69  66  61  58  57  56  55  59  56  62  61  60  57  56
  67  66  70  68  62  56  59  60  59  61  58  62  62  61  55  58
  68  68  70  70  59  58  60  60  61  61  55  63  61  61  59  58
  70  69  69  69  60  58  58  58  59  57  54  61  58  61  60  56
  70  69  69  66  61  59  57  55  58  55  54  60  58  62  61  55
  70  67  73  67  60  59  54  57  59  56  54  59  58  62  59  57
  69  67  72  67  61  58  57  61  59  58  54  56  55  61  60  58
  71  68  70  67  62  61  59  60  58  60  58  59  56  59  62  59
  70  71  70  67  64  61  62  60  59  59  57  58  59  58  59  59
  71  73  70  66  64  60  61  59  60  58  58  59  60  57  60  59
  67  66  64  66  60  57  55  53  52  52  53  51  52  52  49  50
  68  64  64  66  59  56  57  54  52  51  52  52  52  52  50  51
  65  66  64  65  59  55  55  55  51  52  50  52  52  51  51  54
  64  65  63  65  57  53  55  54  50  53  50  55  53  49  51  53
  63  63  65  64  60  57  54  54  49  51  50  52  52  47  50  52
  63  64  65  64  60  57  52  53  48  52  50  51  51  46  49  52
  63  63  64  64  60  56  53  53  49  50  50  52  52  48  50  50
  62  62  63  63  60  53  54  51  53  52  53  50  55  50  49  52
  61  63  62  64  58  56  54  50  53  53  52  54  55  51  51  54
  62  64  63  63  59  56  54  50  52  53  51  57  52  51  50  53
  63  63  64  60  60  55  53  51  51  53  53  57  52  51  52  51
  65  62  64  58  59  54  52  54  54  53  52  57  55  51  52  53
  65  64  65  61  59  54  53  55  55  52  51  53  51  52  50  53
  67  63  65  61  57  56  53  53  55  51  53  51  51  53  52  54
  63  64  66  60  57  56  53  52  55  51  55  52  52  54  55  54
  61  63  67  59  57  56  56  53  55  55  57  55  54  54  57  56

  58  55  57  54  52  53  60  68  65  60  61  67  68  63  60  60
  56  54  54  55  52  52  56  59  64  60  59  57  60  64  63  61
  58  60  57  57  57  55  58  59  60  59  59  61  63  65  63  60
  53  54  56  56  57  57  62  65  61  56  55  55  58  63  62  62
  54  53  53  57  55  61  63  62  61  59  57  57  55  60  58  58
  55  56  58  54  54  60  61  62  58  55  55  56  59  60  59  60
  58  58  60  61  58  57  57  61  61  59  58  59  60  60  62  64
  58  56  55  57  63  64  60  61  62  62  61  62  61  62  63  62
  60  60  60  60  57  52  55  59  60  60  62  60  61  66  64  60
  55  58  53  55  54  53  56  58  56  56  57  54  55  57  60  60
  58  58  57  55  58  57  56  55  57  58  58  55  55  58  57  59
  59  62  62  60  60  58  58  60  59  60  62  61  60  60  61  61
  65  65  67  67  67  65  65  65  66  66  65  65  64  63  64  63
  63  64  65  64  66  68  68  67  68  70  71  70  69  67  67  67
  64  62  64  65  66  68  67  65  66  69  69  67  65  65  67  67
  64  65  65  67  67  66  65  65  64  66  68  67  65  68  70  71
  55  55  57  56  57  57  56  58  58  56  55  57  58  59  59  59
  57  55  55  54  55  56  57  55  59  60  61  59  60  62  59  60
  57  57  57  58  60  59  60  61  61  61  62  62  61  59  58  57
  54  55  56  57  59  60  61  62  61  58  58  58  55  56  59  60
  57  56  56  60  58  60  62  62  63  61  60  59  56  59  58  59
  56  56  56  56  56  56  56  58  55  54  54  54  54  58  57  58
  60  58  57  57  55  57  59  61  61  57  55  56  58  60  59  58
  56  56  57  58  56  54  55  59  61  59  58  59  59  58  59  60
  57  57  60  61  57  54  56  60  60  58  55  57  61  60  60  59
  58  59  56  57  56  55  57  59  60  58  57  54  57  59  62  61
  61  62  60  58  60  59  58  56  58  58  59  59  58  61  61  60
  64  63  63  62  63  61  61  62  59  60  61  60  61  62  64  64
  71  69  70  70  69  66  66  68  70  69  66  67  67  67  67  66
  67  67  68  67  68  69  69  70  70  69  69  73  72  70  70  70
  67  65  66  66  67  69  67  66  68  69  69  67  67  68  71  73
  67  67  65  68  70  67  67  67  68  70  70  70  69  71  70  71
  50  51  54  53  52  52  50  52  54  53  51  53  53  54  54  56
  49  50  51  51  50  49  50  49  51  50  52  52  50  52  55  57
  52  52  51  49  47  46  48  50  51  51  51  51  52  53  54  54
  52  52  52  53  52  51  52  55  55  52  52  55  51  51  52  54
  51  52  52  55  52  51  52  50  54  57  57  57  53  51  52  55
  53  52  50  50  50  50  50  53  52  51  53  52  51  53  55  57
  52  51  52  53  51  52  50  52  53  53  53  53  52  51  51  55
  52  52  51  50  49  48  49  53  53  52  51  54  55  55  55  55
  53  54  55  54  54  53  53  51  50  50  51  54  55  53  52  53
  55  57  55  55  54  52  53  54  54  54  53  52  53  53  53  56
  57  56  55  53  57  57  56  53  56  56  55  54  54  56  56  56
  60  59  59  57  60  60  60  60  58  59  60  59  59  57  57  57
  66  66  65  65  64  64  64  63  64  63  60  58  61  61  60  59
  64  64  64  63  65  65  64  63  62  63  64  64  65  65  66  67
  66  64  66  65  63  64  63  62  63  64  63  62  64  63  64  63
  67  68  65  64  63  63  63  62  61  62  63  65  65  67  63  61

