  89  89  90  85  89  90  91  95  95  95  94  92  91  89  87  86
  86  85  87  87  87  89  91  92  92  91  89  88  89  89  83  80
  84  85  87  88  88  89  88  86  86  87  83  83  83  81  75  76
  83  86  88  92  92  91  87  85  85  81  78  84  84  78  76  75
  88  91  92  93  94  92  90  90  86  84  82  88  88  84  85  84
  94  93  94  94  92  89  89  89  90  88  86  87  89  86  87  91
  95  95  93  93  91  91  91  91  90  87  88  88  87  88  90  91
  95  93  93  93  92  92  92  92  91  89  89  90  90  89  91  89
  90  91  91  93  90  98  98  95  93  93  93  95  95  94  93  92
  92  91  91  92  92  99  99  97  96  96  96  97  97  96  96  96
  91  90  90  93  91  95  97  97  98  98  97  96  96  94  95  94
  92  92  92  92  89  89  91  94  95  95  97  94  96  96  96  95
  91  91  92  91  92  92  89  93  95  95  96  95  96  95  95  93
  88  88  90  91  92  91  93  92  92  93  94  95  97  97  95  93
  86  86  89  91  90  91  94  92  92  94  98  97  96  96  96  95
  85  85  84  88  88  90  93  88  88  94  98  96  95  93  91  91
  76  76  76  70  72  73  70  74  74  74  75  76  79  78  78  78
  71  70  71  67  67  67  70  72  72  73  72  75  79  79  75  76
  69  69  66  65  65  66  67  68  68  69  69  70  72  72  68  68
  68  69  68  66  66  66  67  67  68  66  64  70  70  68  67  65
  71  72  74  72  71  69  69  69  69  69  68  74  74  70  70  68
  75  74  73  73  72  69  69  69  72  72  72  73  76  72  71  73
  75  74  73  73  73  73  72  72  73  72  74  74  76  75  75  75
  75  75  75  75  73  73  73  73  74  75  76  77  76  77  78  75
  77  76  76  75  72  77  77  77  78  79  79  81  81  82  81  80
  83  79  79  78  74  80  80  79  80  81  81  83  84  85  85  85
  85  83  83  83  80  82  81  80  81  81  81  82  84  83  84  83
  86  85  85  84  83  83  80  77  78  78  80  79  83  84  84  83
  83  83  83  82  82  82  76  76  78  78  80  80  82  82  82  80
  77  77  77  79  80  80  78  76  77  77  81  80  83  83  81  78
  78  78  76  77  77  78  78  76  76  79  82  83  82  82  82  81
  78  78  77  76  76  76  77  73  73  77  81  80  80  80  77  81
  61  61  61  58  60  60  58  62  62  62  62  63  64  63  62  63
  56  55  57  56  56  58  58  59  59  60  58  60  63  63  58  56
  56  56  56  56  56  57  55  55  55  56  55  55  57  57  53  55
  56  59  56  57  57  55  54  53  53  53  51  57  57  54  53  52
  59  62  61  60  59  57  57  57  56  56  55  61  61  57  57  56
  62  63  61  61  60  57  57  57  59  59  59  60  62  60  60  64
  61  62  61  61  61  61  61  61  59  57  60  60  63  64  65  67
  61  62  62  62  63  62  62  61  59  59  60  62  62  65  67  64
  62  63  62  62  60  65  65  64  61  61  61  64  65  64  64  63
  63  61  61  64  61  67  67  66  66  65  65  65  65  63  63  63
  62  62  62  64  64  68  69  69  69  69  68  66  65  62  63  62
  64  65  65  67  69  70  71  69  68  68  70  66  67  66  66  66
  66  66  66  67  69  69  66  67  70  70  70  70  69  68  68  66
  62  62  64  64  65  64  64  65  67  68  71  68  70  70  68  67
  63  64  65  63  63  63  64  63  63  66  68  68  68  68  69  68
  66  67  67  65  65  63  64  59  59  63  66  65  65  66  65  67

  86  80  76  75  84  91  91  89  92  96  94  95  93  93  95  91
  87  83  75  76  85  87  90  91  93  96  95  96  95  95  96  91
  89  89  81  78  84  86  88  89  94  96  94  96  95  97  96  93
  91  89  83  84  88  89  87  90  95  97  96  96  96  97  96  95
  92  88  83  84  88  87  88  90  95  97  96  94  95  95  97  96
  94  89  83  78  82  86  88  89  93  96  97  97  96  94  98  98
  95  91  87  81  84  88  87  89  93  96  98  95  95  93  94  94
  95  92  86  85  86  90  90  91  93  96  98  95  95  92  92  88
  95  92  86  85  90  89  91  92  95  97  97  94  93  92  92  88
  91  91  88  87  90  89  91  92  98  99  97  91  89  93  94  93
  90  89  89  91  92  89  91  92  98  99  95  89  92  91  91  90
  89  87  88  92  94  92  91  92  90  92  91  89  92  92  90  88
  85  87  88  92  93  94  93  93  93  92  93  92  91  91  91  88
  90  87  87  88  92  94  93  93  91  91  90  92  92  90  89  84
  89  85  85  86  91  93  95  93  91  91  90  92  91  88  86  85
  89  86  84  83  88  94  95  95  90  92  91  92  91  88  86  85
  78  76  68  65  68  73  75  75  80  85  83  83  80  78  81  81
  78  75  68  67  70  71  75  78  81  85  84  84  82  81  82  77
  78  79  72  68  70  72  75  77  82  85  83  84  82  83  82  80
  79  79  72  70  74  76  76  76  81  84  84  83  82  83  82  80
  76  75  70  70  74  73  74  77  81  83  82  79  80  80  83  80
  75  72  69  64  68  72  74  76  79  81  81  80  80  81  82  81
  74  73  69  66  69  72  72  75  79  81  81  78  78  77  79  77
  74  72  68  68  69  72  73  74  78  80  81  78  78  77  76  73
  74  72  68  67  69  69  72  73  77  79  80  77  76  76  76  73
  70  70  67  67  69  69  72  73  77  80  81  80  76  78  78  77
  73  67  66  66  69  69  73  73  77  80  82  83  82  80  78  76
  72  67  65  66  71  72  73  73  72  74  80  83  82  80  77  76
  70  67  65  66  72  73  73  75  75  78  83  84  82  79  77  76
  76  71  66  68  74  73  73  75  76  79  83  85  83  77  76  77
  76  70  69  69  72  74  74  75  76  79  83  85  83  77  78  78
  76  71  69  68  71  75  75  75  77  83  85  86  83  77  78  78
  63  56  55  52  56  64  67  64  63  63  62  66  66  67  68  67
  62  58  53  53  57  60  65  67  64  63  63  66  68  68  69  65
  63  63  57  54  57  60  64  65  64  63  62  66  68  70  68  66
  64  63  57  57  61  62  63  62  65  65  65  67  69  70  68  65
  63  60  55  57  61  60  60  62  64  65  66  66  70  68  68  65
  62  58  55  51  55  59  60  60  61  65  68  70  70  71  68  66
  62  60  56  53  56  59  57  59  61  65  69  68  70  68  66  63
  62  59  55  53  56  59  59  59  61  66  69  68  70  67  63  59
  62  59  55  53  57  57  61  61  64  66  69  69  67  65  63  59
  58  58  55  54  57  57  61  62  65  67  69  71  66  64  64  64
  60  58  57  55  57  57  61  62  65  67  68  70  69  64  63  63
  60  56  56  57  59  60  61  63  60  61  64  69  69  65  63  65
  58  56  56  57  60  61  61  62  62  64  64  67  67  64  63  65
  61  57  56  56  61  61  61  62  62  61  62  65  66  64  65  67
  61  55  56  59  62  63  62  62  63  61  62  65  66  62  64  67
  61  56  56  56  59  62  61  61  62  63  62  64  66  62  63  66

  91  91  93  95  96  98  94  88  88  93  90  88  88  84  85  85
  95  96  96  96  97  98  94  92  92  94  91  90  91  89  86  86
  93  95  97  97  95  94  93  92  92  93  91  92  91  90  88  88
  93  95  95  96  95  96  95  95  93  89  92  92  91  92  91  91
  95  96  96  96  94  97  95  95  94  91  89  89  92  92  92  92
  94  95  94  96  96  97  98  98  97  97  95  91  93  90  90  91
  96  96  96  97  97  96  96  96  97  99  99  92  92  91  91  92
  92  93  94  95  95  93  93  93  95  98  98  90  93  91  91  90
  89  91  89  90  90  89  89  91  92  92  92  92  93  93  93  95
  91  90  88  87  88  88  87  90  91  91  91  91  93  93  95  95
  91  87  86  89  87  86  88  90  89  89  89  92  94  94  93  94
  84  85  84  88  88  82  84  86  90  90  92  94  93  92  91  88
  75  76  78  84  84  78  81  85  85  87  91  92  92  88  86  83
  76  75  81  83  83  83  87  86  86  88  89  88  88  87  85  84
  80  83  89  89  88  89  91  92  92  91  89  87  87  87  85  86
  86  87  89  91  92  94  95  95  95  91  90  89  85  90  89  89
  81  77  80  80  80  81  77  73  73  77  76  76  76  77  78  78
  81  82  82  82  83  82  79  76  76  78  78  77  77  76  78  78
  78  81  83  83  80  81  77  77  76  78  80  80  79  77  77  77
  80  82  82  82  80  80  78  78  76  76  82  82  82  83  83  83
  83  84  84  83  79  80  78  78  77  80  83  83  84  85  85  86
  83  84  83  84  82  81  81  81  80  81  82  80  83  83  83  85
  85  85  85  84  83  81  81  80  79  80  80  74  78  79  79  83
  80  81  82  81  81  79  79  78  77  77  77  72  75  76  76  77
  75  78  77  76  77  76  75  74  73  73  73  73  75  75  75  75
  75  75  75  76  74  74  72  73  72  72  73  73  73  73  74  75
  73  71  72  76  73  72  72  72  69  69  69  72  73  73  74  75
  68  70  70  74  74  68  69  69  69  69  69  71  72  74  72  71
  65  67  68  70  70  64  66  68  67  67  66  66  66  68  69  68
  68  68  72  72  70  69  69  68  68  67  66  65  65  66  69  69
  76  75  79  79  75  72  73  72  72  70  67  67  67  71  70  71
  78  78  78  79  76  75  74  74  74  70  73  72  70  76  76  76
  67  65  66  65  65  66  63  59  59  64  63  65  65  67  67  66
  68  69  68  68  68  68  66  63  63  64  63  63  63  65  64  63
  67  68  70  70  68  71  68  67  65  64  64  65  64  64  62  62
  66  68  68  69  70  70  70  70  67  66  69  69  67  66  66  66
  66  66  66  67  66  70  68  68  69  71  70  69  67  65  65  64
  62  63  62  65  66  68  69  69  69  69  68  64  64  62  62  62
  63  63  63  65  65  65  65  66  66  67  67  61  64  61  61  63
  63  64  64  65  64  61  61  61  64  65  65  60  62  62  63  62
  64  67  65  62  62  60  59  59  61  62  62  63  62  62  62  61
  67  65  64  63  60  60  57  59  61  61  61  61  61  61  62  61
  64  60  60  62  60  59  59  59  57  57  57  60  61  61  63  62
  56  57  57  61  61  55  56  56  57  57  57  59  60  61  62  59
  52  53  54  57  57  51  53  53  53  54  55  57  57  56  59  56
  55  53  57  57  55  55  56  55  55  55  57  56  56  56  56  56
  56  58  63  63  60  58  60  59  59  58  58  56  56  57  55  56
  63  62  63  64  63  62  62  62  62  58  60  60  58  61  61  61

  85  86  88  91  92  91  92  90  95  95  94  88  83  84  86  89
  85  86  88  91  92  90  91  91  93  95  93  91  86  85  85  89
  84  89  90  92  92  90  91  91  93  93  94  92  88  87  87  90
  88  91  91  91  92  93  92  93  93  93  94  93  92  88  87  85
  88  90  92  92  89  91  92  90  92  91  92  94  92  88  87  89
  90  91  91  92  89  95  99  98  92  91  89  92  91  89  89  90
  93  94  93  89  91  97  99  98  92  91  89  90  87  88  91  91
  88  92  92  93  94  97  97  95  92  91  89  90  85  86  92  95
  88  92  92  95  95  98  96  93  91  90  90  86  85  86  92  95
  94  94  93  95  95  98  96  93  89  87  88  84  81  87  91  95
  98  98  94  96  97  97  96  93  89  88  86  82  78  83  89  94
  96  97  95  95  94  96  97  95  90  88  87  88  84  83  88  92
  95  96  97  96  96  96  97  95  90  87  89  88  84  83  89  91
  93  96  97  95  96  94  96  94  89  88  86  84  78  81  89  89
  91  96  95  95  96  95  96  93  91  90  87  85  76  75  83  87
  91  95  93  93  95  94  96  92  89  91  91  84  75  76  80  86
  78  78  77  83  86  85  83  77  75  75  75  71  68  69  71  76
  78  78  77  83  85  83  79  76  75  74  74  72  69  69  70  76
  77  76  77  83  85  83  79  76  75  73  73  74  68  66  71  76
  76  77  79  82  84  83  78  75  75  73  73  72  66  65  67  70
  76  77  80  82  83  80  74  72  73  73  72  71  66  65  67  72
  76  78  80  82  83  82  80  77  73  73  69  69  66  66  67  73
  77  78  78  76  80  81  80  77  73  72  69  69  67  67  70  70
  73  76  76  76  77  80  79  77  73  72  69  69  67  68  72  74
  73  76  77  78  78  81  80  78  74  73  72  69  68  68  72  74
  77  79  77  78  78  81  81  79  75  72  72  69  66  69  73  74
  81  82  81  80  80  81  81  79  76  74  72  68  64  69  72  75
  80  83  80  80  79  82  83  81  77  74  73  74  70  70  75  76
  80  82  83  82  83  84  84  81  76  76  76  74  70  72  79  79
  80  82  83  82  84  83  85  82  77  75  72  70  68  72  79  78
  77  82  81  82  84  84  85  81  78  75  71  70  67  68  75  78
  81  81  78  80  83  83  85  80  75  75  73  68  65  68  76  78
  66  63  62  66  64  62  63  62  61  61  62  59  56  56  56  61
  67  64  62  66  65  62  61  63  62  62  63  62  59  56  55  61
  67  65  64  66  65  62  61  62  62  61  61  61  56  56  57  61
  65  63  64  67  67  64  64  62  62  61  61  60  57  56  56  58
  65  63  65  69  69  64  61  60  63  61  60  59  57  56  56  60
  63  63  64  69  70  68  67  65  62  61  57  57  55  57  58  60
  64  64  64  66  71  69  67  65  62  61  57  57  54  55  58  58
  59  63  65  67  69  69  66  64  61  61  57  57  53  55  59  62
  59  63  67  70  68  69  66  61  59  59  59  56  53  55  59  62
  63  66  68  70  68  69  65  61  59  57  59  56  53  56  60  62
  66  68  71  70  70  68  65  61  60  60  59  55  51  55  58  62
  65  68  68  70  66  66  65  64  62  60  60  61  57  55  60  63
  65  68  70  69  67  65  65  65  62  63  62  61  57  57  63  64
  66  68  70  68  66  62  63  64  65  64  60  57  54  57  63  63
  65  69  68  68  66  63  63  64  67  65  60  57  53  53  58  62
  67  68  67  66  66  62  63  63  64  67  64  56  52  55  56  63

